"component","status code","not found","skipped","accepted","total","result","count"
"Total","268","68","3971","6","4045","1","4045"
"address","403","0","0","0","0","FALSE","0"
"addtoany","403","0","0","0","0","FALSE","0"
"admin-toolbar","403","0","0","0","0","FALSE","0"
"better-exposed-filters","403","0","0","0","0","FALSE","0"
"block-field","403","0","0","0","0","FALSE","0"
"bootstrap","403","0","0","0","0","FALSE","0"
"captcha","403","0","0","0","0","FALSE","0"
"coder","403","0","0","0","0","FALSE","0"
"config-update","403","0","0","0","0","FALSE","0"
"consumers","403","0","0","0","0","FALSE","0"
"content-lock","403","0","0","0","0","FALSE","0"
"crop","403","0","0","0","0","FALSE","0"
"csv-serialization","403","0","0","0","0","FALSE","0"
"ctools","403","0","0","0","0","FALSE","0"
"data-policy","403","0","0","0","0","FALSE","0"
"devel","403","0","0","0","0","FALSE","0"
"disable-user-1-edit","403","0","0","0","0","FALSE","0"
"dynamic-entity-reference","403","0","0","0","0","FALSE","0"
"editor-advanced-link","403","0","0","0","0","FALSE","0"
"embed","403","0","0","0","0","FALSE","0"
"entity","403","0","0","0","0","FALSE","0"
"entity-reference-revisions","403","0","0","0","0","FALSE","0"
"eu-cookie-compliance","403","0","0","0","0","FALSE","0"
"exif-orientation","403","0","0","0","0","FALSE","0"
"externalauth","403","0","0","0","0","FALSE","0"
"features","403","0","0","0","0","FALSE","0"
"field-group","403","0","0","0","0","FALSE","0"
"file-mdm","403","0","0","0","0","FALSE","0"
"flag","403","0","0","0","0","FALSE","0"
"gender","403","0","0","0","0","FALSE","0"
"geocoder","403","0","0","0","0","FALSE","0"
"google-analytics","403","0","0","0","0","FALSE","0"
"google-tag","403","0","0","0","0","FALSE","0"
"group","403","0","0","0","0","FALSE","0"
"image-effects","403","0","0","0","0","FALSE","0"
"image-widget-crop","403","0","0","0","0","FALSE","0"
"inline-entity-form","403","0","0","0","0","FALSE","0"
"jsonapi","403","0","0","0","0","FALSE","0"
"key","403","0","0","0","0","FALSE","0"
"kpi-analytics","403","0","0","0","0","FALSE","0"
"language-access","403","0","0","0","0","FALSE","0"
"layout-builder-restrictions","403","0","0","0","0","FALSE","0"
"lazy","403","0","0","0","0","FALSE","0"
"like-and-dislike","403","0","0","0","0","FALSE","0"
"link-css","403","0","0","0","0","FALSE","0"
"login-tracker","403","0","0","0","0","FALSE","0"
"mailsystem","403","0","0","0","0","FALSE","0"
"message","403","0","0","0","0","FALSE","0"
"metatag","403","0","0","0","0","FALSE","0"
"openapi","403","0","0","0","0","FALSE","0"
"openapi-ui","403","0","0","0","0","FALSE","0"
"openapi-ui-redoc","403","0","0","0","0","FALSE","0"
"override-node-options","403","0","0","0","0","FALSE","0"
"paragraphs","403","0","0","0","0","FALSE","0"
"pathauto","403","0","0","0","0","FALSE","0"
"poll","403","0","0","0","0","FALSE","0"
"private-message","403","0","0","0","0","FALSE","0"
"profile","403","0","0","0","0","FALSE","0"
"r4032login","403","0","0","0","0","FALSE","0"
"real-aes","403","0","0","0","0","FALSE","0"
"recaptcha","403","0","0","0","0","FALSE","0"
"redirect","403","0","0","0","0","FALSE","0"
"redis","403","0","0","0","0","FALSE","0"
"role-delegation","403","0","0","0","0","FALSE","0"
"schemata","403","0","0","0","0","FALSE","0"
"search-api","403","0","0","0","0","FALSE","0"
"search-api-exclude-entity","403","0","0","0","0","FALSE","0"
"search-api-location","403","0","0","0","0","FALSE","0"
"shariff","403","0","0","0","0","FALSE","0"
"simple-oauth","403","0","0","0","0","FALSE","0"
"simplesamlphp-auth","403","0","0","0","0","FALSE","0"
"social-api","403","0","0","0","0","FALSE","0"
"social-auth","403","0","0","0","0","FALSE","0"
"social-course","403","0","0","0","0","FALSE","0"
"social-geolocation","403","0","0","0","0","FALSE","0"
"social-json-api","403","0","0","0","0","FALSE","0"
"social-kpi-lite","403","0","0","0","0","FALSE","0"
"socialbase","403","0","0","0","0","FALSE","0"
"socialblue","403","0","0","0","0","FALSE","0"
"swiftmailer","403","0","0","0","0","FALSE","0"
"taxonomy-access-fix","403","0","0","0","0","FALSE","0"
"token","403","0","0","0","0","FALSE","0"
"update-helper","403","0","0","0","0","FALSE","0"
"url-embed","403","0","0","0","0","FALSE","0"
"views-bulk-operations","403","0","0","0","0","FALSE","0"
"views-infinite-scroll","403","0","0","0","0","FALSE","0"
"votingapi","403","0","0","0","0","FALSE","0"
"weight","403","0","0","0","0","FALSE","0"
"distribution","200","65","3384","6","3455","TRUE","3455"
"drupal-core","403","0","0","0","0","FALSE","0"
"drupal-core","403","0","0","0","0","FALSE","0"
"drupal-core","403","0","0","0","0","FALSE","0"
"social-badge","403","0","0","0","0","FALSE","0"
"social-birthday","403","0","0","0","0","FALSE","0"
"social-captcha","403","0","0","0","0","FALSE","0"
"comment-permission","403","0","0","0","0","FALSE","0"
"social-disabler","200","0","10","0","10","FALSE","10"
"social-elasticsearch","200","0","3","0","3","FALSE","3"
"hubspot-analytics","403","0","0","0","0","FALSE","0"
"social-poll","403","0","0","0","0","FALSE","0"
"sticky-comment","403","0","0","0","0","FALSE","0"
"social-translation-manager","403","0","0","0","0","FALSE","0"
"gpch-core","200","0","10","0","10","FALSE","10"
"gpi-migrate","200","0","95","0","95","FALSE","95"
"gpi-orchestrator","200","0","16","0","16","FALSE","16"
"gpi-validation","200","0","7","0","7","FALSE","7"
"oauth2-client","403","0","0","0","0","FALSE","0"
"acquia-connector","403","0","0","0","0","FALSE","0"
"advancedqueue","403","0","0","0","0","FALSE","0"
"ajax-comments","403","0","0","0","0","FALSE","0"
"contact-storage","403","0","0","0","0","FALSE","0"
"encrypt","403","0","0","0","0","FALSE","0"
"facets","403","0","0","0","0","FALSE","0"
"geolocation","403","0","0","0","0","FALSE","0"
"gin","403","0","0","0","0","FALSE","0"
"gin-toolbar","403","0","0","0","0","FALSE","0"
"graphql","403","0","0","0","0","FALSE","0"
"jquery-ui","403","0","0","0","0","FALSE","0"
"jquery-ui-accordion","403","0","0","0","0","FALSE","0"
"jquery-ui-datepicker","403","0","0","0","0","FALSE","0"
"jquery-ui-slider","403","0","0","0","0","FALSE","0"
"jquery-ui-touch-punch","403","0","0","0","0","FALSE","0"
"lightning-api","403","0","0","0","0","FALSE","0"
"lightning-core","403","0","0","0","0","FALSE","0"
"message-notify","403","0","0","0","0","FALSE","0"
"migrate-plus","403","0","0","0","0","FALSE","0"
"migrate-source-csv","403","0","0","0","0","FALSE","0"
"migrate-tools","403","0","0","0","0","FALSE","0"
"openapi-jsonapi","403","0","0","0","0","FALSE","0"
"openapi-rest","403","0","0","0","0","FALSE","0"
"openapi-ui-swagger","403","0","0","0","0","FALSE","0"
"scheduler","403","0","0","0","0","FALSE","0"
"select2","403","0","0","0","0","FALSE","0"
"social-tour","403","0","0","0","0","FALSE","0"
"typed-data","403","0","0","0","0","FALSE","0"
"ultimate-cron","403","0","0","0","0","FALSE","0"
"variationcache","403","0","0","0","0","FALSE","0"
"video-embed-field","403","0","0","0","0","FALSE","0"
"webform","403","0","0","0","0","FALSE","0"
"webform","403","0","0","0","0","FALSE","0"
"social-avatar","403","0","0","0","0","FALSE","0"
"social-certificate","403","0","0","0","0","FALSE","0"
"gpfr-core","200","0","3","0","3","FALSE","3"
"gpde-core","200","0","3","0","3","FALSE","3"
"gpde-helper","200","0","3","0","3","FALSE","3"
"gpde-orchestrator","200","0","16","0","16","FALSE","16"
"gpde-sso-shop","200","0","24","0","24","FALSE","24"
"gpnl-core","200","0","12","0","12","FALSE","12"
"gpru-core","200","0","3","0","3","FALSE","3"
"gpsp-core","200","0","21","0","21","FALSE","21"
"gpde-local-group","200","0","8","0","8","FALSE","8"
"gpde-volunteer","200","0","23","0","23","FALSE","23"
"regio-twente","200","1","155","0","156","FALSE","156"
"saas","200","0","175","0","175","FALSE","175"
"glossary","200","2","0","0","2","FALSE","2"
"antibot","403","0","0","0","0","FALSE","0"
"ginvite","403","0","0","0","0","FALSE","0"
"oauth2-server","403","0","0","0","0","FALSE","0"
"sendgrid-integration","403","0","0","0","0","FALSE","0"
"social-search-autocomplete","403","0","0","0","0","FALSE","0"
"social-eu-login","403","0","0","0","0","FALSE","0"
"social-automation","403","0","0","0","0","FALSE","0"
"social-gamification","403","0","0","0","0","FALSE","0"
"social-scheduler","403","0","0","0","0","FALSE","0"
"social-saas-saml","403","0","0","0","0","FALSE","0"
"social-clone","403","0","0","0","0","FALSE","0"
"social-oauth","403","0","0","0","0","FALSE","0"
"social-mailchimp","403","0","0","0","0","FALSE","0"
"social-restrict-ip","403","0","0","0","0","FALSE","0"
"social-saas-language","403","0","0","0","0","FALSE","0"
"social-disability","403","0","0","0","0","FALSE","0"
"social-tfa","403","0","0","0","0","FALSE","0"
"social-realtime-collaboration","403","0","0","0","0","FALSE","0"
"social-calendar","403","0","0","0","0","FALSE","0"
"social-webpurify","403","0","0","0","0","FALSE","0"
"social-task","403","0","0","0","0","FALSE","0"
"social-video","403","0","0","0","0","FALSE","0"
"social-antibot","403","0","0","0","0","FALSE","0"
"social-chat","403","0","0","0","0","FALSE","0"
"social-smart-notifications","403","0","0","0","0","FALSE","0"
"pdf-using-mpdf","403","0","0","0","0","FALSE","0"
"social-saas-dev-helper","403","0","0","0","0","FALSE","0"
"social-content-export","403","0","0","0","0","FALSE","0"
"social-clone-group","403","0","0","0","0","FALSE","0"
"social-organization","403","0","0","0","0","FALSE","0"
"social-layout-builder","403","0","0","0","0","FALSE","0"
"social-resource-suggest","403","0","0","0","0","FALSE","0"
"social-real-time","403","0","0","0","0","FALSE","0"
"social-monetization","403","0","0","0","0","FALSE","0"
"social-ethnicity","403","0","0","0","0","FALSE","0"
"social-tag-moderation","403","0","0","0","0","FALSE","0"
"social-datalayer","403","0","0","0","0","FALSE","0"
"social-swiftmail-sendgrid","403","0","0","0","0","FALSE","0"
"social-trending-tags","403","0","0","0","0","FALSE","0"
"social-related-content","403","0","0","0","0","FALSE","0"
"social-usercentrics","403","0","0","0","0","FALSE","0"
"social-role-delegation","403","0","0","0","0","FALSE","0"
"social-user-purge","403","0","0","0","0","FALSE","0"
"social-search-grid","403","0","0","0","0","FALSE","0"
"social-auth-extra","403","0","0","0","0","FALSE","0"
"social-oe-webtools","403","0","0","0","0","FALSE","0"
"social-sitemap","403","0","0","0","0","FALSE","0"
"social-renamer","403","0","0","0","0","FALSE","0"
"social-admin","403","0","0","0","0","FALSE","0"
"social-newsletter","403","0","0","0","0","FALSE","0"
"social-dashboard","403","0","0","0","0","FALSE","0"
"social-spam-prevention","403","0","0","0","0","FALSE","0"
"social-webhooks","403","0","0","0","0","FALSE","0"
"social-resource-library","403","0","0","0","0","FALSE","0"
"social-migrate","403","0","0","0","0","FALSE","0"
"social-node-statistics","403","0","0","0","0","FALSE","0"
"social-discussion","403","0","0","0","0","FALSE","0"
"social-gender","403","0","0","0","0","FALSE","0"
"social-paragraphs-user-roles","403","0","0","0","0","FALSE","0"
"social-collaboration","403","0","0","0","0","FALSE","0"
"social-signup-redirect","403","0","0","0","0","FALSE","0"
"social-o365","403","0","0","0","0","FALSE","0"
"social-course-scorm","403","0","0","0","0","FALSE","0"
"social-advanced-image","403","0","0","0","0","FALSE","0"
"social-profile-extra","403","0","0","0","0","FALSE","0"
"social-saas-analytics","403","0","0","0","0","FALSE","0"
"social-wootric","403","0","0","0","0","FALSE","0"
"social-engagement","403","0","0","0","0","FALSE","0"
"social-saas-core","403","0","0","0","0","FALSE","0"
"social-app","403","0","0","0","0","FALSE","0"
"social-course-quiz","403","0","0","0","0","FALSE","0"
"social-cookie","403","0","0","0","0","FALSE","0"
"social-webform","403","0","0","0","0","FALSE","0"
"social-grouptab-management","403","0","0","0","0","FALSE","0"
"social-onboarding","403","0","0","0","0","FALSE","0"
"social-registration-fields","403","0","0","0","0","FALSE","0"
"social-comment-export","403","0","0","0","0","FALSE","0"
"social-search-solr","403","0","0","0","0","FALSE","0"
"social-role-visibility","403","0","0","0","0","FALSE","0"
"social-gtranslate","403","0","0","0","0","FALSE","0"
"social-group-staging","403","0","0","0","0","FALSE","0"
"social-comment-extra","403","0","0","0","0","FALSE","0"
"oe-authentication","403","0","0","0","0","FALSE","0"
"tfa","403","0","0","0","0","FALSE","0"
"rabbitmq","403","0","0","0","0","FALSE","0"
"linkedin-insights-tag","403","0","0","0","0","FALSE","0"
"graphql-oauth","403","0","0","0","0","FALSE","0"
"restrict-ip","403","0","0","0","0","FALSE","0"
"layout-builder-at","403","0","0","0","0","FALSE","0"
"purge-users","403","0","0","0","0","FALSE","0"
"simple-sitemap","403","0","0","0","0","FALSE","0"
"fullcalendar-view","403","0","0","0","0","FALSE","0"
"firebase","403","0","0","0","0","FALSE","0"
"thx","403","0","0","0","0","FALSE","0"
"cleantalk","403","0","0","0","0","FALSE","0"
"zoomapi","403","0","0","0","0","FALSE","0"
"social-test-helper","403","0","0","0","0","FALSE","0"
"mailchimp","403","0","0","0","0","FALSE","0"
"keycloak","403","0","0","0","0","FALSE","0"
"stripe","403","0","0","0","0","FALSE","0"
"views-data-export","403","0","0","0","0","FALSE","0"
"openid-connect","403","0","0","0","0","FALSE","0"
"cloner","403","0","0","0","0","FALSE","0"
"office-hours","403","0","0","0","0","FALSE","0"
"ga-login","403","0","0","0","0","FALSE","0"
"oe-webtools","403","0","0","0","0","FALSE","0"
"matomo","403","0","0","0","0","FALSE","0"
"monolog","403","0","0","0","0","FALSE","0"
"state-machine","403","0","0","0","0","FALSE","0"
"search-api-solr","403","0","0","0","0","FALSE","0"
"commerce","403","0","0","0","0","FALSE","0"
"views-bootstrap","403","0","0","0","0","FALSE","0"
"smart-trim","403","0","0","0","0","FALSE","0"
"cas","403","0","0","0","0","FALSE","0"
"reroute-email","403","0","0","0","0","FALSE","0"
"o365","403","0","0","0","0","FALSE","0"
"config-modify","403","0","0","0","0","FALSE","0"
"yoast-seo","403","0","0","0","0","FALSE","0"
"enterprise-helper","403","0","0","0","0","FALSE","0"
"social-pwa","403","0","0","0","0","FALSE","0"
"social-google-analytics","403","0","0","0","0","FALSE","0"
"social-matchmaking","403","0","0","0","0","FALSE","0"
"social-openid","403","0","0","0","0","FALSE","0"
"social-platform-management","403","0","0","0","0","FALSE","0"
"social-media-directory","403","0","0","0","0","FALSE","0"
"social-google-calendar","403","0","0","0","0","FALSE","0"
"media-revisions-ui","403","0","0","0","0","FALSE","0"
"dropzonejs","403","0","0","0","0","FALSE","0"
"entity-embed","403","0","0","0","0","FALSE","0"
"entity-browser","403","0","0","0","0","FALSE","0"
"clipboardjs","403","0","0","0","0","FALSE","0"
"groupmedia","403","0","0","0","0","FALSE","0"
"media-directories","403","0","0","0","0","FALSE","0"
